"sample1","sample2","Heterogeneous.Selection","Homogeneous.Selection","Dispersal.Limitation","Homogenizing.Dispersal","Drift.and.Others"
"B02","B01",0.00131233595800525,0.300696108638594,0.442257217847769,0.0402830081022481,0.215451329453384
"B03","B01",0.00696108638594089,0.348796074403743,0.283692799269657,0.0418806344859067,0.318669405454753
"B11","B01",0.0523793221499486,0.170489558370421,0.500969987447221,0.0147780440488417,0.261383087983567
"B12","B01",0.0120963140477006,0.206721442428392,0.396382517402716,0,0.384799726121191
"B13","B01",0.0199703297957321,0.392901974209746,0.335387424398037,0.0191715166039028,0.232568754992582
"B21","B01",0.0119821978774392,0.208889649663357,0.427479173798927,0.000855871276959945,0.350793107383316
"B22","B01",0.0283008102248089,0.223895926052722,0.449903001255278,0.00142645212826658,0.296473810338925
"B23","B01",0.0179162387310282,0.22201300924341,0.496975921488075,0,0.263094830537487
"B31","B01",0,0.40277302293735,0.277416409905284,0.0179162387310282,0.301894328426338
"B32","B01",0,0.457891133173571,0.295560880976834,0.0393700787401575,0.207177907109437
"B33","B01",0.00131233595800525,0.455152345087299,0.223952984137852,0.0456464681045304,0.273935866712313
"B41","B01",0.00239643957548785,0.366826429305033,0.389535547187036,0.0274449389478489,0.213796644984594
"B42","B01",0.0128951272395298,0.339381490357184,0.380235079310738,0.0249343832020997,0.242553919890448
"B43","B01",0.0132945338354445,0.356327741640991,0.379778614629693,0.0245920346913158,0.226007075202556
"B51","B01",0.00741755106698619,0.300068469702157,0.266689489900719,0.0163756704325003,0.409448818897638
"B52","B01",0.0225379436266119,0.297672030126669,0.367853474837384,0.00667579596028757,0.305260755449047
"B53","B01",0.00410818212940774,0.368652288029214,0.444653657423257,0.020826201072692,0.16175967134543
"B61","B01",0.0590551181102362,0.287515690973411,0.323519342690859,0.0178591806458975,0.312050667579596
"B62","B01",0.067556772794705,0.2229259386055,0.335786830993952,0.0211114914983453,0.352618966107497
"B63","B01",0.00890106128038343,0.180874129864202,0.552322264064818,0.015234508729887,0.24266803606071
"B03","B02",0.00159762638365856,0.254422001597626,0.393586671231313,0.0289284491612462,0.321465251626155
"B11","B02",0.0865000570580851,0.130092434097912,0.570466735136369,0.0237932214994865,0.189147552208148
"B12","B02",0.015405682985279,0.13768115942029,0.459945224238275,0.0114116170261326,0.375556316330024
"B13","B02",0.0348054319297044,0.304576058427479,0.367739358667123,0.0226520597968732,0.27022709117882
"B21","B02",0.0172315417094602,0.181787059226292,0.489444254250827,0.00348054319297044,0.30805660162045
"B22","B02",0.0227091178820039,0.172543649435125,0.485507246376812,0.00205409106470387,0.317185895241356
"B23","B02",0.0268173000114116,0.161132032408992,0.546958804062536,0,0.26509186351706
"B31","B02",0.0151774506447564,0.338925025676138,0.366712313134771,0.0163756704325003,0.262809540111834
"B32","B02",0.00410818212940774,0.336015063334474,0.442599566358553,0.0471870364030583,0.170090151774506
"B33","B02",0.00290996234166381,0.390790825059911,0.295903229487618,0.0602533378979801,0.250142645212827
"B41","B02",0.0216250142645213,0.164840807942485,0.553520483852562,0.0156909734109323,0.244322720529499
"B42","B02",0.0575145498117083,0.158963825174027,0.509414584046559,0.0205979687321694,0.253509072235536
"B43","B02",0.0480999657651489,0.183555859865343,0.524534976606185,0.0142645212826658,0.229544676480657
"B51","B02",0.00981399064247404,0.261154855643045,0.349994294191487,0.0325801666096086,0.346456692913386
"B52","B02",0.0340066187378752,0.259728403514778,0.402887139107612,0.00450758872532238,0.298870249914413
"B53","B02",0.0197991555403401,0.249058541595344,0.47164213169006,0.00924340979116741,0.250256761383088
"B61","B02",0.0645326942827799,0.28312221841835,0.300239643957549,0.0200844459659934,0.332020997375328
"B62","B02",0.0600251055574575,0.13596941686637,0.476606185096428,0.0290996234166381,0.298299669063106
"B63","B02",0.0273308227775876,0.0930046787629807,0.63859408878238,0.0324660504393473,0.208604359237704
"B11","B03",0.0352048385256191,0.226977062649777,0.399863060595686,5.7058085130663e-05,0.337897980143786
"B12","B03",0.0171744836243296,0.217676594773479,0.297672030126669,0,0.467476891475522
"B13","B03",0.0171744836243296,0.35455894100194,0.170033093689376,0.00456464681045304,0.453668834873902
"B21","B03",0.00393700787401575,0.206436152002739,0.330993951842976,0.00114116170261326,0.457491726577656
"B22","B03",0.00159762638365856,0.220073034348967,0.357297729088212,0,0.421031610179162
"B23","B03",0.00730343489672487,0.204096770512382,0.400490699532124,0,0.38810909505877
"B31","B03",0,0.434782608695652,0.207577313705352,0.0199703297957321,0.337669747803264
"B32","B03",0.0104416295789113,0.495150062763894,0.244094488188976,0.00604815702385028,0.244265662444368
"B33","B03",0,0.447335387424398,0.146981627296588,0.0102704553235193,0.395412529955495
"B41","B03",0.0151203925596257,0.237475750313819,0.384514435695538,0.000798813191829282,0.362090608239187
"B42","B03",0.0109551523450873,0.247575031381947,0.408421773365286,0.00553463425767431,0.327513408650006
"B43","B03",0.0037087755334931,0.273821750542052,0.390049069953212,0.00621933127924227,0.326201072692
"B51","B03",0.00701814447107155,0.334417436950816,0.195652173913043,0,0.462912244665069
"B52","B03",0.00410818212940774,0.238331621590779,0.313990642474039,0.0072463768115942,0.43632317699418
"B53","B03",0.00342348510783978,0.300696108638594,0.330138080566016,0.0219103046901746,0.343832020997375
"B61","B03",0.0232796987333105,0.236733995207121,0.303149606299213,0.00730343489672487,0.429533264863631
"B62","B03",0.0438776674654799,0.249515006276389,0.233424626269542,0.00576286659819697,0.467419833390391
"B63","B03",0.00330936893757846,0.170033093689376,0.508216364258815,0.000969987447221271,0.317471185667009
"B12","B11",0.0387994978888508,0.155996804747233,0.492411274677622,0.000228232340522652,0.312564190345772
"B13","B11",0.046388223211229,0.258758416067557,0.464795161474381,0.00924340979116741,0.220814789455666
"B21","B11",0.0555745749172658,0.100593404085359,0.535204838525619,0.000114116170261326,0.308513066301495
"B22","B11",0.0816501198219788,0.131062421545133,0.508273422343946,0.00125527787287459,0.277758758416068
"B23","B11",0.047586442998973,0.139278785803948,0.589352961314618,0.00057058085130663,0.223211229031154
"B31","B11",0.0321237019285633,0.274734679904142,0.378865685267602,0.0103845714937807,0.303891361405911
"B32","B11",0.0195138651146868,0.241926280954011,0.517573890220244,0.00861577085473011,0.212370192856328
"B33","B11",0.00747460915211686,0.346285518657994,0.365514093347027,0.00057058085130663,0.280155197991555
"B41","B11",0,0.211114914983453,0.540340066187379,0.0015405682985279,0.24700445053064
"B42","B11",0.00290996234166381,0.15057628665982,0.625413671117197,0.000684697021567956,0.220415382859751
"B43","B11",0.0188291680931188,0.155597398151318,0.576914298756134,0.00365171744836243,0.245007417551067
"B51","B11",0.0103845714937807,0.246490927764464,0.448704781467534,0.000171174255391989,0.294248545018829
"B52","B11",0.0688691087527103,0.189946365399977,0.438833732739929,0.00599109893871962,0.296359694168664
"B53","B11",0.0256761383087984,0.193426908592948,0.476206778500514,0.0188862261782495,0.285803948419491
"B61","B11",0.0443911902316558,0.122960173456579,0.45264178934155,0.00547757617254365,0.374529270797672
"B62","B11",0.0671573661987904,0.063163300239644,0.418349880178021,0.0364601163984937,0.414869336985051
"B63","B11",0.00610521510898094,0.0581992468332763,0.534063676823006,0.00467876298071437,0.396953098254023
"B13","B12",0.0240214538400091,0.318098824603446,0.167465479858496,0.00313819468218647,0.487276047015862
"B21","B12",0.0263037772452357,0.128951272395298,0.388793792080338,0.000513522766175967,0.455437635512952
"B22","B12",0.00696108638594089,0.166723724751797,0.421259842519685,0.000798813191829282,0.404256533150747
"B23","B12",0.0145498117083191,0.223040054775762,0.350108410361748,0.00142645212826658,0.410875271025904
"B31","B12",0.0178591806458975,0.285861006504622,0.257788428620336,0,0.438491384229145
"B32","B12",0.0188862261782495,0.291452698847427,0.35107839780897,0.00171174255391989,0.336870934611434
"B33","B12",0.0078740157480315,0.374985735478717,0.181958233481684,0,0.435182015291567
"B41","B12",0.00405112404427707,0.215793677964168,0.458290539769485,5.7058085130663e-05,0.321807600136939
"B42","B12",0.0037087755334931,0.172885997945909,0.502453497660619,0.000285290425653315,0.320666438434326
"B43","B12",0.0057058085130663,0.218532466050439,0.455951158279128,0.005249343832021,0.314561223325345
"B51","B12",0.00736049298185553,0.22634942371334,0.253223781809882,0.000228232340522652,0.512838069154399
"B52","B12",0.0252196736277531,0.220586557115143,0.337840922058656,0.000228232340522652,0.416124614857925
"B53","B12",0.0122674883030925,0.189718133059455,0.395355471870364,0.000741755106698619,0.40191715166039
"B61","B12",0.0213967819239986,0.113887937920803,0.298299669063106,0,0.566415611092092
"B62","B12",0.0435923770398265,0.152402145384001,0.320894670774849,0,0.483110806801324
"B63","B12",0.00256761383087984,0.0476435010841036,0.505306401917152,0.00610521510898094,0.438377268058884
"B21","B13",0.0165468446878923,0.222298299669063,0.187664041994751,0.00325231085244779,0.570238502795846
"B22","B13",0.020997375328084,0.451671801894328,0.201300924340979,0.00142645212826658,0.324603446308342
"B23","B13",0.0229373502225265,0.381490357183613,0.311594202898551,0.000342348510783978,0.283635741184526
"B31","B13",0.0163186123473696,0.441686636996462,0.119365514093347,0.0171744836243296,0.405454752938491
"B32","B13",0.0129521853246605,0.447734794020313,0.216364258815474,0.00650462170489558,0.316444140134657
"B33","B13",0.0169462512838069,0.469473924455095,0.0622503708775533,0.00268173000114116,0.448647723382403
"B41","B13",0.0321237019285633,0.476549127011298,0.256704325002853,0.00205409106470387,0.232568754992582
"B42","B13",0.0145498117083191,0.483909619993153,0.252881433299098,0.00102704553235193,0.247632089467077
"B43","B13",0.0167180189432843,0.2977290882118,0.308456008216364,0.00342348510783978,0.373673399520712
"B51","B13",0.026760241926281,0.415896382517403,0.0921488074860208,0,0.465194568070296
"B52","B13",0.0102704553235193,0.333561565673856,0.300182585872418,0.00684697021567956,0.349138422914527
"B53","B13",0.0365171744836243,0.427307999543535,0.295047358210658,0.0118110236220472,0.229316444140135
"B61","B13",0.0276161132032409,0.279014036288942,0.269941800753167,0.00747460915211686,0.415953440602533
"B62","B13",0.0669291338582677,0.265833618623759,0.308341892046103,0.00542051808741299,0.353474837384457
"B63","B13",0.0238502795846171,0.0217961885199133,0.503024078511925,0.00119821978774392,0.450131233595801
"B22","B21",0.00838753851420746,0.197363916466963,0.438377268058884,0.0138651146867511,0.342006162273194
"B23","B21",0.00661873787515691,0.223268287116284,0.475522081478946,0.0217391304347826,0.272851763094831
"B31","B21",0.00325231085244779,0.310224808855415,0.321237019285633,0,0.365285861006505
"B32","B21",0.0170033093689376,0.335273308227776,0.378180988246034,0.000912929362090608,0.268629464795161
"B33","B21",0.00211114914983453,0.384286203355015,0.24010042222983,0,0.37350222526532
"B41","B21",0.00930046787629807,0.359009471642132,0.393929019742097,0.0119821978774392,0.225778842862034
"B42","B21",0.01032751340865,0.378409220586557,0.374129864201757,0.0067899121305489,0.230343489672487
"B43","B21",0.00850165468446879,0.353988360150633,0.37863745292708,0.0116969074517859,0.247175624786032
"B51","B21",0.0122674883030925,0.272737646924569,0.280326372246947,0.000114116170261326,0.43455437635513
"B52","B21",0.0147209859637111,0.0888394385484423,0.409220586557115,0.000399406595914641,0.486819582334817
"B53","B21",0.0106128038343033,0.173285404541824,0.397923085701244,0,0.418178705922629
"B61","B21",0.0263608353303663,0.150233938149036,0.329396325459318,0.000114116170261326,0.493894784891019
"B62","B21",0.0669291338582677,0.0429647381033893,0.360036517174484,0.03098254022595,0.499087070637909
"B63","B21",0.0124957206436152,0.0688120506675796,0.508672828939861,0.00667579596028757,0.403343603788657
"B23","B22",0.0171744836243296,0.245635056487504,0.452584731256419,0,0.284605728631747
"B31","B22",0.00884400319525277,0.310909505876983,0.364715280155198,0.000171174255391989,0.315360036517174
"B32","B22",0.0237361634143558,0.267317128837156,0.39158963825174,0,0.317357069496748
"B33","B22",0.00581992468332763,0.32705694396896,0.22030126668949,0.0133515919205751,0.433470272737647
"B41","B22",0.0134657080908365,0.331165126098368,0.427992696565103,0.00216820723496519,0.225208262010727
"B42","B22",0.0137509985164898,0.282038114800867,0.452299440830766,0.00336642702270912,0.248545018829168
"B43","B22",0.0148351021339724,0.339210316101792,0.444368366997604,0.00924340979116741,0.192342804975465
"B51","B22",0.0132374757503138,0.238046331165126,0.273992924797444,0.00228232340522652,0.47244094488189
"B52","B22",0.0147780440488417,0.201814447107155,0.421488074860208,0,0.361919433983796
"B53","B22",0.0256761383087984,0.251968503937008,0.471299783179277,0.000513522766175967,0.250542051808741
"B61","B22",0.0591692342804975,0.123587812393016,0.352961314618281,0.00336642702270912,0.460915211685496
"B62","B22",0.0681273536460116,0.149663357297729,0.290482711400205,0.00467876298071437,0.48704781467534
"B63","B22",0.0438776674654799,0.0569439689604017,0.501939974894443,0.000456464681045304,0.396781923998631
"B31","B23",0.00907223553577542,0.27627524820267,0.413271710601392,0.00348054319297044,0.297900262467192
"B32","B23",0.00958575830195139,0.346057286317471,0.443854844231428,0.000399406595914641,0.200102704553235
"B33","B23",0.00747460915211686,0.351763094830538,0.291509756932557,0.0120963140477006,0.337156225037088
"B41","B23",0.00102704553235193,0.296759100764578,0.463996348282552,0.00616227319411161,0.232055232226406
"B42","B23",0.00621933127924227,0.335159192057515,0.454467648065731,0.00650462170489558,0.197649206892617
"B43","B23",0.0162044961771083,0.325630491840694,0.470900376583362,0.00736049298185553,0.17990414241698
"B51","B23",0.0114116170261326,0.275191144585188,0.301894328426338,0.000912929362090608,0.410589980600251
"B52","B23",0.00736049298185553,0.207577313705352,0.44408307657195,0,0.340979116740842
"B53","B23",0.0317813534177793,0.279413442884857,0.458575830195139,0,0.230229373502225
"B61","B23",0.0347483738445738,0.116455551751683,0.377667465479859,0,0.471128608923885
"B62","B23",0.042337099166952,0.110065046217049,0.429247974437978,0,0.418349880178021
"B63","B23",0.0102133972383887,0.0523793221499486,0.531553121077257,0.000684697021567956,0.405169462512838
"B32","B31",0.00273878808627182,0.509585758301951,0.218247175624786,0.026246719160105,0.243181558826886
"B33","B31",0.00507816957662901,0.523564989158964,0.0968275704667351,0.0158621476663243,0.358667123131348
"B41","B31",0.0445623644870478,0.383030925482141,0.319125870135798,0.00621933127924227,0.247061508615771
"B42","B31",0.0399977176765948,0.391019057400434,0.298185552892845,0.00302407851192514,0.267773593518202
"B43","B31",0.036574232568755,0.387082049526418,0.335672714823691,0.00239643957548785,0.238274563505649
"B51","B31",0.00770284149263951,0.417836357411845,0.139849366655255,0.00850165468446879,0.426109779755791
"B52","B31",0.00975693255734338,0.378409220586557,0.266974780326372,0.00673285404541824,0.338126212484309
"B53","B31",0.00399406595914641,0.429590322948762,0.309368937578455,0.00707520255620221,0.249971470957435
"B61","B31",0.0180874129864202,0.329168093118795,0.246034463083419,0.0127810110692685,0.393929019742097
"B62","B31",0.0357183612917951,0.313363003537601,0.235022252653201,0.0107839780896953,0.405112404427707
"B63","B31",0.00211114914983453,0.236562820951729,0.494978888508502,0.00639050553463426,0.259956635855301
"B33","B32",0.0151203925596257,0.607155083875385,0.161017916238731,0.00935752596142873,0.207349081364829
"B41","B32",0.0379436266118909,0.442656624443684,0.319182928220929,0.0186579938377268,0.18155882688577
"B42","B32",0.0174027159648522,0.44151546274107,0.328198105671574,0.0216820723496519,0.191201643272852
"B43","B32",0.00998516489786603,0.45184297614972,0.291452698847427,0.0190003423485108,0.227718817756476
"B51","B32",0.0057058085130663,0.481513180417665,0.216934839666781,0.00656167979002625,0.289284491612462
"B52","B32",0.0132374757503138,0.331735706949675,0.316215907794134,0.000513522766175967,0.338297386739701
"B53","B32",0.0230514663927879,0.41053292251512,0.350678991213055,0.0357183612917951,0.180018258587242
"B61","B32",0.04216592491156,0.340465593974666,0.283008102248089,0.00867282893986078,0.325687549925824
"B62","B32",0.057400433641447,0.341150290996234,0.306687207577314,0.00736049298185553,0.28740157480315
"B63","B32",0,0.305317813534178,0.539940659591464,0.00753166723724752,0.147209859637111
"B41","B33",0.0438776674654799,0.495321237019286,0.21339723838868,0.00102704553235193,0.246376811594203
"B42","B33",0.0444482483167865,0.505249343832021,0.195823348168435,0.000171174255391989,0.254307885427365
"B43","B33",0.0317242953326486,0.462455779984024,0.20478146753395,0.000741755106698619,0.300296702042679
"B51","B33",0.00319525276731713,0.545988816615314,0.114287344516718,0.00747460915211686,0.329053976948534
"B52","B33",0.00336642702270912,0.360150633344745,0.191543991783636,0.005249343832021,0.439689604016889
"B53","B33",0.00564875042793564,0.422115713796645,0.206607326258131,0.062992125984252,0.302636083533037
"B61","B33",0.00650462170489558,0.354787173342463,0.151318041766518,0.00530640191715166,0.482083761268972
"B62","B33",0.00365171744836243,0.386796759100765,0.269200045646468,0.00815930617368481,0.33219217163072
"B63","B33",0,0.0644756361976492,0.500285290425653,0.005249343832021,0.429989729544677
"B42","B41",0.00313819468218647,0.676195366883487,0.00621933127924227,0.0354330708661417,0.279014036288942
"B43","B41",0.00290996234166381,0.520826201072692,0,0.0458176423599224,0.430446194225722
"B51","B41",0.00764578340750884,0.325059910989387,0.423713340180304,0.000513522766175967,0.243067442656624
"B52","B41",0.0448476549127011,0.281809882460345,0.333162159077941,0.0010841036174826,0.33909619993153
"B53","B41",0.0108980942599566,0.473924455095287,0.310453041195937,0.0397694853360721,0.164954924112747
"B61","B41",0.0134657080908365,0.160219103046902,0.316330023964396,0,0.509985164897866
"B62","B41",0.0127239529841379,0.272338240328655,0.383943854844231,0.0272167066073263,0.30377724523565
"B63","B41",0.0667579596028757,0.187835216250143,0.452071208490243,0.00325231085244779,0.290083304804291
"B43","B42",0.00285290425653315,0.52499144128723,0.0321237019285633,0.0705237932214995,0.369508159306174
"B51","B42",0.0196279812849481,0.317870592262924,0.453041195937464,5.7058085130663e-05,0.209403172429533
"B52","B42",0.0724067100308114,0.237475750313819,0.314218874814561,0.00239643957548785,0.37350222526532
"B53","B42",0.016090380006847,0.495606527444939,0.290311537144813,0.0338925025676138,0.164099052835787
"B61","B42",0.0158050895811937,0.143329909848225,0.339210316101792,0.000342348510783978,0.501312335958005
"B62","B42",0.0207120849024307,0.16438434326144,0.446308341892046,0.00057058085130663,0.368024649092776
"B63","B42",0.0243638023507931,0.286146296930275,0.45178591806459,0.00239643957548785,0.235307543078854
"B51","B43",0.00770284149263951,0.156738559853931,0.411788200387995,0.00114116170261326,0.422629236562821
"B52","B43",0.0352618966107497,0.303948419491042,0.311308912472897,0.000798813191829282,0.348681958233482
"B53","B43",0.0149492183042337,0.467077484879607,0.306002510555746,0.0469588040625357,0.165011982197877
"B61","B43",0.00479287915097569,0.168207234965195,0.290539769485336,0.00216820723496519,0.534291909163528
"B62","B43",0.0094145840465594,0.152230971128609,0.408878238046331,0.0276731712883716,0.401803035490129
"B63","B43",0.0259614287344517,0.11274677621819,0.483110806801324,0.00353760127810111,0.374643386967933
"B52","B51",0.00581992468332763,0.311023622047244,0.191543991783636,0.00621933127924227,0.48539313020655
"B53","B51",0.0179162387310282,0.359522994408308,0.221955951158279,0.0606527444938948,0.33995207120849
"B61","B51",0.00621933127924227,0.315930617368481,0.173114230286432,0.00542051808741299,0.499315302978432
"B62","B51",0.0110692685153486,0.203297957320552,0.263494237133402,0.00507816957662901,0.517060367454068
"B63","B51",0.00251055574574917,0.0750313819468219,0.502168207234965,0,0.420289855072464
"B53","B52",0.0429647381033893,0.275590551181102,0.373331051009928,0.00102704553235193,0.307086614173228
"B61","B52",0.0240214538400091,0.306915439917836,0.224181216478375,0.00393700787401575,0.440944881889764
"B62","B52",0.0493552436380235,0.253737304576058,0.261668378409221,0.00319525276731713,0.43204382060938
"B63","B52",0.00593404085358895,0.155996804747233,0.518030354901289,0.00216820723496519,0.317870592262924
"B61","B53",0.0273878808627182,0.236391646696337,0.335444482483168,0.0122104302179619,0.388565559739815
"B62","B53",0.0160333219217163,0.205066757959603,0.378922743352733,0.0115257331963939,0.388451443569554
"B63","B53",0.0127810110692685,0.0991098938719617,0.500114116170261,0.0309254821408194,0.357069496747689
"B62","B61",0.0566586785347484,0.283293392673742,0.243181558826886,0.00211114914983453,0.414755220814789
"B63","B61",0.0169462512838069,0.199246833276275,0.510612803834303,0.00211114914983453,0.27108296245578
"B63","B62",0,0.0532351934269086,0.552949903001255,0.000855871276959945,0.392959032294876
